62.503
187.502
125.010
187.501
250.003
250.002
62.502
187.504
187.503
187.501
187.501
187.504
187.506
125.004
187.504
124.999
62.502
62.502
187.504
125.004
187.506
187.503
187.505
187.503
187.502
187.503
0.016
187.502
250.018
187.502
187.501
125.002
125.003
125.001
62.511
125.002
187.502
62.504
250.031
187.502
62.517
62.503
62.504
62.506
62.503
125.001
187.509
125.004
0.002
62.502
187.505
375.005
62.501
125.006
187.501
187.502
0.008
62.500
62.503
250.001
249.997
250.002
250.006
187.521
125.001
62.503
312.504
62.501
187.502
62.501
187.504
62.560
187.511
62.501
187.502
250.002
187.501
125.007
62.502
62.502
62.504
125.002
187.502
62.505
62.501
187.505
125.005
62.503
125.021
187.520
250.004
187.512
62.505
187.519
62.502
0.003
250.001
62.501
125.002
