62.503
62.502
62.504
0.010
250.002
62.501
62.512
62.507
187.507
62.514
125.001
62.504
62.505
62.505
250.007
62.509
62.508
0.004
0.011
250.003
62.502
62.520
125.001
187.503
125.001
187.503
62.501
187.505
250.003
187.501
437.706
125.002
187.500
62.504
62.501
187.501
125.005
187.513
125.021
62.505
125.005
312.508
374.999
62.503
187.501
312.501
62.502
125.003
125.002
62.505
250.006
125.001
125.003
0.012
187.503
250.000
125.001
187.501
125.000
62.503
125.002
187.503
125.002
312.502
125.028
312.510
187.504
125.002
62.501
62.504
250.013
125.002
62.502
125.000
125.003
62.511
187.512
312.501
125.003
312.546
62.502
62.502
125.000
125.001
62.494
312.501
250.001
62.511
62.502
250.013
125.003
250.002
250.012
125.007
62.502
62.501
62.506
0.013
62.621
