312.508
312.502
312.502
125.002
691.910
62.518
0.019
250.002
500.000
125.003
125.008
250.011
125.001
250.016
62.576
250.007
62.501
125.002
0.025
187.506
62.509
125.005
187.518
250.002
62.510
125.001
375.004
312.501
62.513
250.349
62.509
125.002
312.503
187.507
250.007
437.504
125.001
437.503
125.000
62.504
500.010
62.501
312.506
312.505
187.506
250.002
62.502
125.004
375.003
250.002
252.573
62.566
472.618
187.528
125.000
125.002
62.503
62.505
125.000
0.002
125.010
125.002
312.501
187.502
62.518
437.507
62.502
312.503
62.502
125.000
0.005
125.008
312.502
375.003
250.006
250.006
62.504
62.502
312.512
686.805
437.506
62.500
62.510
250.001
312.505
375.003
250.001
0.022
62.507
62.502
125.001
375.002
125.012
250.002
250.002
250.003
62.501
